99
6
1 4
2 3
3 4
4 5
5 6
6
1 3
4 5
5 6
3 2
3 4
2
1 2
10
1 2
2 3
3 4
4 5
5 6
6 7
7 8
8 9
9 10
10
7 8
7 9
4 5
1 3
3 4
6 7
4 6
2 3
9 10
2
1 2
3
1 2
2 3
4
1 4
2 3
1 2
4
3 4
1 4
2 4
7
2 5
4 6
2 3
5 6
6 7
1 3
6
1 3
2 5
1 5
3 4
3 6
5
3 5
1 2
2 3
1 4
8
3 6
2 6
4 7
1 8
4 6
4 8
5 6
9
1 2
6 9
2 4
8 9
2 7
5 9
5 7
1 3
8
1 5
1 7
5 6
2 7
3 4
4 8
3 5
6
3 5
2 6
3 4
1 4
2 4
7
3 5
2 6
1 7
2 3
1 2
3 4
7
1 2
2 3
1 4
1 6
5 7
3 5
7
1 4
5 6
2 7
1 6
6 7
2 3
15
3 15
1 14
6 9
2 12
11 14
10 14
5 7
9 10
5 10
1 8
1 12
9 15
2 13
4 9
13
1 11
5 9
8 13
6 10
3 5
10 12
9 12
2 8
3 7
11 12
4 13
1 2
17
3 12
9 14
5 10
2 4
1 9
8 13
9 16
7 10
2 13
3 15
2 16
4 10
6 15
13 15
13 17
2 11
14
2 7
4 5
7 12
3 13
9 12
3 4
4 10
8 9
2 10
1 14
1 9
3 6
4 11
13
4 8
1 4
10 13
4 13
3 9
3 10
12 13
2 9
1 5
11 13
7 13
4 6
11
4 10
1 3
1 10
1 8
2 9
5 6
7 8
4 9
1 11
6 10
15
5 9
7 11
1 3
2 8
7 10
4 6
6 11
8 12
13 15
8 15
4 15
1 14
9 12
3 9
17
4 11
8 16
3 17
2 3
8 15
3 7
7 16
10 12
13 17
2 9
1 2
5 17
2 11
3 10
14 17
6 12
16
1 3
5 13
2 12
7 9
7 11
3 4
9 14
3 10
6 13
2 9
3 15
7 8
1 16
8 15
5 10
19
5 7
2 13
3 10
6 10
4 14
5 9
10 16
1 2
6 11
4 11
7 19
3 12
6 19
2 12
2 17
8 14
7 18
14 15
30
17 27
1 12
10 30
17 26
4 29
6 26
11 28
15 16
15 18
20 23
22 25
1 24
10 14
22 24
7 12
8 21
8 19
1 3
17 19
26 30
13 25
2 26
15 24
17 18
17 28
23 27
4 19
5 29
9 28
29
22 28
2 16
16 27
1 20
22 25
5 7
10 17
10 24
25 29
14 26
9 26
26 28
4 19
11 19
20 24
11 21
5 17
12 25
17 22
4 14
13 25
12 15
17 18
1 27
3 23
6 23
8 22
6 21
25
13 24
1 22
1 11
10 20
5 10
3 24
8 18
1 19
12 14
12 25
6 23
15 21
10 21
10 18
1 21
12 15
5 7
9 18
22 24
18 23
13 16
2 15
17 23
4 16
25
14 22
23 24
11 14
14 21
8 13
6 10
20 23
5 22
4 14
21 25
6 15
1 13
13 15
10 14
9 18
9 11
1 7
14 24
12 22
12 19
12 17
9 16
2 22
3 17
25
2 3
6 23
1 5
2 14
23 24
2 11
4 15
1 9
20 21
21 22
4 6
16 17
12 19
9 20
13 15
12 16
8 21
5 10
4 19
13 14
1 25
6 8
7 10
18 22
26
14 15
2 7
1 17
6 21
2 13
1 22
2 21
2 23
6 8
11 22
5 8
4 23
4 12
1 20
13 22
5 19
10 16
1 26
14 20
9 14
16 21
2 25
24 26
18 20
3 10
28
7 17
10 23
1 10
12 17
1 27
16 17
1 15
2 8
13 17
4 27
7 28
8 19
14 26
1 18
5 7
20 27
13 27
10 19
10 25
3 24
14 27
18 24
13 21
8 9
22 23
1 11
6 21
23
6 10
17 21
2 4
11 16
14 16
7 16
3 5
1 6
7 18
6 15
9 11
7 12
1 21
4 14
1 13
17 22
9 22
3 9
15 20
5 8
22 23
6 19
21
7 11
1 4
9 20
1 2
8 17
2 3
5 21
9 11
3 5
10 19
4 8
3 16
3 7
3 19
12 15
15 20
10 18
10 14
12 13
6 8
26
6 20
5 19
7 17
20 22
5 9
8 26
7 10
1 26
10 11
13 21
15 18
2 13
2 15
16 24
4 9
2 5
1 13
17 24
9 25
19 22
3 14
4 23
13 16
8 14
4 12
36
3 33
7 10
6 29
16 32
25 32
21 30
27 28
7 29
29 31
9 10
3 4
2 20
3 19
13 28
14 26
15 28
13 35
7 18
4 20
13 21
25 30
31 34
6 24
23 33
6 13
20 21
1 12
12 13
15 36
5 32
11 30
14 19
8 21
12 22
17 25
35
1 33
9 31
6 11
8 19
20 25
2 25
9 25
4 19
17 27
5 35
21 30
28 31
4 15
10 17
3 18
7 31
10 25
29 30
5 25
21 31
32 34
10 19
33 35
32 35
3 31
17 24
3 14
12 20
13 28
1 23
16 30
6 14
26 28
14 22
33
26 27
1 16
8 28
2 13
8 32
2 3
1 10
21 26
22 24
9 11
19 21
27 32
10 12
14 18
5 31
4 27
14 26
11 29
3 6
5 8
16 30
9 25
12 14
11 33
7 15
9 24
4 24
6 31
20 22
15 20
17 20
13 23
32
9 25
15 19
7 31
13 32
4 32
8 11
4 18
3 20
21 27
11 17
7 20
19 20
24 29
5 18
6 28
27 31
8 32
23 25
12 27
26 28
13 20
2 20
28 31
10 16
12 14
16 22
17 24
4 16
18 30
24 25
1 15
32
17 28
1 8
7 8
16 26
6 12
20 31
3 4
1 19
25 27
22 28
2 12
13 26
22 30
14 15
23 25
16 21
28 31
19 27
16 20
24 26
1 24
2 22
3 16
5 16
22 29
10 19
18 32
11 22
9 14
14 20
18 25
36
19 33
10 11
13 36
11 23
1 30
8 33
22 25
7 15
6 34
28 32
6 25
4 29
1 7
3 15
27 30
26 28
5 34
17 31
25 33
28 30
6 36
9 28
11 22
1 29
3 14
14 17
8 15
4 12
14 35
16 32
18 19
1 2
10 24
21 31
10 20
34
12 25
16 31
17 26
12 23
10 33
21 34
7 9
28 31
14 21
5 19
2 4
19 24
8 22
8 10
26 30
1 32
18 34
5 22
2 22
3 26
25 30
14 24
11 30
13 18
19 29
16 19
6 14
24 32
4 12
9 32
14 15
20 34
21 27
33
20 31
7 15
22 32
18 25
21 30
1 21
11 15
15 18
25 33
20 29
11 19
15 16
4 24
17 27
25 32
5 33
21 24
5 13
6 33
2 29
28 29
9 21
25 30
16 26
14 33
10 22
22 28
17 33
12 23
18 23
3 20
8 19
39
5 23
5 19
11 35
13 16
12 37
10 17
5 36
17 32
6 37
11 25
23 35
2 17
9 22
4 19
12 24
12 27
1 4
20 28
5 15
10 19
7 36
20 35
1 8
1 12
19 38
14 29
1 29
25 31
25 30
9 24
13 23
18 25
15 26
3 8
3 39
24 34
12 21
24 33
40
18 22
17 36
6 37
3 9
4 18
31 35
9 22
13 17
4 28
6 24
21 22
24 29
3 36
26 38
27 39
21 32
24 25
7 16
3 20
36 40
31 33
18 34
23 37
7 37
11 14
26 31
16 36
7 38
5 6
19 40
1 15
15 25
13 39
8 10
5 8
2 20
14 39
11 30
12 40
49
4 7
44 49
26 40
6 35
30 42
38 47
42 47
47 48
3 11
8 13
8 41
41 49
15 41
20 37
16 40
17 48
1 28
11 41
4 15
28 34
10 19
5 8
5 23
29 33
9 25
39 48
4 36
4 37
1 42
3 40
27 32
25 40
18 44
15 33
13 28
43 47
10 28
10 14
25 45
32 44
22 35
12 26
17 22
2 21
14 21
13 24
3 46
31 33
47
42 45
20 46
28 30
3 45
12 17
20 23
17 28
14 32
6 40
16 42
21 34
21 29
23 25
31 36
34 37
34 47
7 10
26 47
5 26
17 18
26 41
24 25
15 33
31 33
14 21
35 40
18 46
9 22
18 35
21 35
2 44
9 12
10 35
2 39
22 44
6 33
1 30
5 19
25 27
4 34
16 47
18 43
13 15
38 43
11 16
8 19
50
30 36
12 33
25 27
1 2
5 42
12 25
23 47
6 13
31 43
17 38
40 42
21 24
5 30
18 28
40 48
44 49
25 45
24 33
4 49
4 6
33 41
24 26
29 50
18 48
11 22
15 41
4 42
6 10
13 24
1 18
14 26
43 50
4 22
6 34
31 49
19 30
20 34
29 38
5 16
1 32
7 30
3 20
9 15
19 37
6 35
46 48
8 30
23 30
11 39
50
14 36
15 42
3 35
36 48
6 34
10 44
15 33
5 29
38 46
33 37
1 21
2 25
35 41
19 28
8 17
29 42
18 32
13 39
21 30
7 45
23 36
25 29
7 39
22 38
29 35
3 8
7 41
11 32
24 30
36 50
31 32
22 44
20 44
23 49
6 13
1 18
17 27
18 41
41 50
18 47
34 38
25 26
17 43
12 22
4 45
9 14
8 19
16 41
17 40
46
13 18
10 44
5 29
31 40
7 28
23 26
2 16
22 36
41 43
15 18
40 46
2 29
3 32
11 28
6 20
10 17
4 33
25 42
10 38
17 23
4 28
7 38
6 45
9 28
2 3
17 25
34 46
13 20
26 43
12 13
31 36
1 28
15 32
7 13
12 19
14 40
18 37
21 29
17 22
1 39
10 35
4 30
2 24
1 27
8 24
44
9 15
11 12
18 38
33 42
11 19
8 37
24 39
3 33
26 32
11 18
24 25
29 34
19 32
8 18
11 36
16 42
21 29
26 42
17 23
26 40
7 36
2 43
23 41
24 34
6 18
4 15
22 31
7 13
29 37
14 30
22 36
6 43
5 33
27 38
15 27
23 38
28 34
35 36
20 33
14 28
10 35
1 5
16 44
44
8 37
4 10
21 32
18 36
26 28
3 23
9 33
14 23
7 39
9 19
8 43
13 30
37 38
17 35
21 42
6 19
3 15
12 40
4 36
8 35
13 19
25 42
30 40
2 27
2 25
4 41
25 34
9 23
28 40
32 33
29 35
8 18
3 7
26 43
19 31
42 44
5 21
20 39
16 36
22 35
1 34
1 24
11 27
42
5 17
1 16
1 35
5 36
13 24
30 32
12 29
11 31
19 21
25 27
6 21
8 11
16 38
11 25
15 30
11 36
12 39
12 40
13 31
2 38
37 39
37 38
19 37
13 21
3 38
25 28
20 35
5 18
9 22
11 41
36 42
14 33
4 42
10 40
23 29
22 31
12 26
17 33
12 32
2 34
7 15
41
10 36
31 37
4 6
7 22
35 39
19 39
14 29
18 27
10 13
5 17
35 37
3 36
17 39
3 4
17 30
10 40
5 41
23 36
21 28
10 35
9 41
8 10
1 3
1 24
25 30
12 20
34 40
7 24
5 20
11 16
18 20
26 28
11 14
14 22
6 33
15 36
12 21
2 19
30 38
32 36
49
17 19
22 28
5 25
2 36
32 35
4 38
10 28
26 30
29 47
9 10
26 49
19 31
27 35
4 28
1 13
3 7
12 38
35 37
3 27
8 32
5 27
8 23
31 39
2 43
27 38
20 35
1 5
17 22
7 26
16 37
12 41
2 8
29 42
19 47
9 15
15 40
41 44
6 17
18 40
28 34
15 24
33 37
35 45
21 43
1 11
41 46
25 48
3 14
50
5 47
8 19
8 20
44 50
9 24
7 32
40 41
3 29
8 23
14 37
5 11
37 48
18 34
10 33
21 48
11 15
41 42
12 50
5 14
7 46
41 49
20 41
1 41
28 35
15 29
14 31
14 49
22 37
2 12
46 48
24 38
34 37
13 44
17 20
11 36
5 12
16 20
28 39
24 37
4 7
20 27
16 39
7 45
10 50
26 49
30 48
6 16
41 43
25 33
50
2 35
2 48
10 46
1 2
4 35
4 32
7 47
5 9
27 43
14 32
36 42
11 41
20 32
32 37
14 27
21 39
7 35
3 46
23 30
24 25
22 47
21 43
17 37
4 12
22 25
13 38
3 13
5 24
10 18
15 40
40 50
13 32
25 44
22 45
12 26
21 42
24 34
15 39
16 36
28 38
22 29
6 20
12 41
23 25
1 19
44 49
8 26
10 33
14 31
50
16 46
16 35
9 38
9 32
35 47
4 10
12 20
17 35
19 32
29 34
1 29
4 24
6 49
28 46
15 30
31 40
36 48
3 8
32 39
7 38
25 30
4 40
39 50
4 36
9 23
46 48
18 28
23 24
45 46
13 34
17 30
10 33
20 25
14 45
2 20
2 21
15 49
11 47
13 19
19 44
39 41
1 26
5 39
22 23
6 42
8 15
27 33
21 37
18 43
50
45 49
8 24
19 33
13 19
27 31
26 38
19 21
28 45
8 34
1 44
32 48
28 31
31 35
6 36
28 38
24 35
27 44
46 48
11 44
6 8
43 45
3 22
32 50
1 32
27 42
14 43
40 47
9 20
16 29
4 25
12 38
16 23
5 13
19 47
18 47
14 17
12 18
1 22
15 28
25 27
20 48
32 37
23 27
41 46
30 40
2 6
7 10
34 39
7 11
50
16 47
43 44
26 36
31 39
4 16
34 46
24 37
19 32
40 41
25 43
5 14
19 38
2 46
18 23
10 48
12 23
23 26
9 25
2 8
1 17
5 30
8 35
21 29
8 41
22 38
24 28
40 49
21 30
6 23
10 27
8 18
17 47
1 11
26 47
21 36
9 35
37 38
12 37
21 48
13 30
20 49
26 45
31 48
49 50
2 3
7 32
15 34
21 33
3 42
40
21 29
10 30
17 29
21 40
20 29
13 31
31 37
3 31
6 33
6 17
21 32
27 31
27 28
14 20
25 26
10 29
19 28
13 26
15 38
11 19
4 21
26 35
32 37
3 36
7 34
16 26
12 17
9 19
33 39
13 38
4 24
2 25
5 24
23 32
7 25
8 23
9 22
2 18
1 22
28
3 22
10 20
12 25
21 22
16 20
11 19
2 19
6 12
17 19
16 22
2 15
12 20
18 21
14 21
9 13
11 27
23 24
5 21
7 25
15 21
3 9
4 12
17 28
22 23
1 21
1 26
8 14
14
1 11
3 14
4 6
5 10
6 9
6 8
4 13
2 12
3 12
10 13
7 10
7 14
1 3
33
11 21
15 21
18 25
25 28
14 25
24 27
12 26
23 29
2 22
8 12
12 19
17 29
1 18
27 33
31 33
1 26
3 27
12 27
4 7
9 25
16 20
21 28
5 6
12 22
7 32
10 24
24 32
7 17
20 21
4 30
5 23
13 20
43
9 39
9 33
11 17
13 43
11 33
14 33
34 38
27 33
3 7
4 43
25 35
4 10
26 35
6 28
12 27
28 39
3 15
10 34
7 11
7 23
18 19
32 37
29 40
16 25
2 17
19 40
4 12
6 8
24 30
5 7
32 41
16 39
13 31
34 36
1 35
31 40
33 42
4 32
22 29
21 26
12 20
30 35
26
17 26
3 16
10 12
7 15
8 22
1 5
23 25
12 16
5 9
14 19
2 11
1 6
11 16
1 10
17 19
16 20
7 12
5 23
6 26
18 19
4 7
16 24
13 25
4 8
7 21
10
6 8
1 2
4 6
8 10
7 9
7 8
1 6
2 5
2 3
38
27 32
1 30
32 34
18 20
28 38
30 36
3 19
5 28
10 16
3 26
6 14
21 32
17 18
5 22
8 10
12 28
15 21
22 32
3 9
34 37
27 29
2 27
2 19
12 18
7 25
3 10
1 20
25 32
11 32
32 33
4 35
4 16
13 21
23 33
14 26
15 31
20 24
21
7 19
4 14
3 11
8 17
5 20
2 21
8 9
10 20
15 21
5 19
6 17
8 11
5 14
2 4
16 18
4 11
12 17
13 17
1 9
10 18
26
4 16
10 16
3 11
9 25
8 19
11 20
5 17
7 16
10 13
6 19
11 26
6 21
8 11
4 18
6 22
15 23
5 7
1 9
4 11
7 23
7 24
12 26
1 16
2 13
14 24
41
10 25
21 30
10 29
17 19
26 32
8 35
21 38
21 39
19 41
11 19
22 28
13 37
18 30
13 34
7 13
19 30
14 26
6 8
5 38
19 29
27 31
3 19
11 15
4 32
2 12
6 33
31 39
9 28
1 8
9 32
6 13
8 16
12 29
36 38
13 22
10 14
16 24
14 20
23 33
18 40
29
20 29
7 16
10 26
5 10
17 19
6 11
3 5
2 23
6 18
8 29
18 29
8 13
4 28
6 27
13 19
15 28
3 8
11 16
2 25
10 21
12 13
15 16
9 10
1 15
16 23
14 28
3 24
4 22
23
4 17
22 23
6 19
4 5
1 10
9 17
10 23
6 9
3 9
9 18
8 23
4 15
7 8
13 14
12 21
15 21
2 20
2 9
16 17
7 18
6 13
11 22
26
15 19
5 17
10 13
19 24
3 19
25 26
7 11
13 14
2 18
22 26
11 12
12 20
6 23
11 24
12 21
4 5
4 15
6 20
24 25
8 12
7 10
1 17
2 25
10 16
7 9
11
5 10
2 9
3 5
1 2
6 10
10 11
8 10
1 3
4 5
2 7
45
15 23
24 29
25 34
9 26
20 28
27 39
32 35
22 32
7 24
16 17
14 42
1 26
8 30
22 43
24 35
28 34
12 44
15 35
1 16
13 17
9 30
35 42
12 31
7 9
25 37
6 31
40 42
5 18
5 19
12 28
10 15
33 37
17 38
29 37
27 38
4 13
8 18
2 43
39 45
21 30
33 41
3 40
11 36
9 11
21
5 6
14 21
2 8
8 14
18 20
3 16
8 13
19 21
18 19
9 14
5 17
4 18
1 14
7 13
4 5
3 17
9 15
7 11
10 21
3 12
50
33 40
10 39
2 41
6 16
22 40
11 25
28 35
22 46
1 50
2 44
16 17
30 37
15 49
6 32
1 43
4 9
35 44
37 46
5 43
19 46
27 36
9 41
7 35
14 17
14 46
14 28
6 34
36 41
26 46
23 25
4 39
1 22
49 50
8 32
18 38
24 32
28 31
2 42
23 43
9 29
21 31
8 13
18 36
39 45
12 47
3 12
3 32
20 25
36 48
29
10 23
6 9
7 28
5 29
13 27
2 18
16 28
11 21
20 22
5 23
3 25
10 12
19 29
6 17
5 11
11 20
4 17
13 16
4 24
18 20
6 20
7 10
5 14
18 26
1 2
6 8
15 20
3 27
42
3 15
11 16
5 39
13 23
18 19
17 28
17 18
21 40
33 39
31 39
27 28
32 35
10 32
1 3
30 38
5 6
16 31
13 28
28 40
11 13
18 30
19 32
1 14
7 12
38 42
20 23
4 30
22 34
2 25
25 39
1 41
8 12
28 36
15 31
18 37
12 31
8 24
15 34
9 37
26 28
29 40
48
24 31
6 24
14 34
32 46
16 28
10 20
11 15
14 45
8 24
12 33
29 45
12 30
9 19
34 35
44 46
9 34
6 28
24 43
40 48
8 21
21 38
39 48
2 14
7 21
25 43
18 28
10 47
6 23
4 36
21 32
2 48
33 38
41 42
6 19
20 26
15 32
13 29
26 36
3 22
1 29
25 36
3 15
14 17
30 41
19 27
5 26
31 37
17
1 17
4 10
8 10
4 7
4 6
12 15
1 2
7 9
4 17
10 15
11 14
5 11
5 12
1 3
5 13
5 16
50
6 20
27 36
13 43
15 29
35 49
16 23
29 50
40 47
4 46
10 40
20 46
1 18
23 35
1 12
16 17
34 38
5 12
25 27
1 9
7 43
22 42
22 49
28 43
23 28
19 46
7 11
27 46
23 36
3 42
26 46
25 38
16 48
13 45
44 45
15 43
5 24
6 41
18 43
23 32
14 21
8 46
14 31
10 12
2 20
31 46
2 37
22 33
39 45
30 39
22
17 22
9 14
14 20
4 14
4 22
6 22
1 18
11 17
10 21
3 15
9 12
7 18
11 16
13 16
15 19
19 22
21 22
8 18
2 12
5 18
10 18
6
1 4
1 5
3 5
1 6
1 2
5
2 4
2 3
1 2
3 5
40
26 35
4 16
19 25
7 13
10 35
26 38
25 34
6 25
18 29
14 16
5 27
1 35
34 35
10 22
3 10
2 5
2 18
14 40
13 16
5 14
11 32
24 38
5 8
15 33
8 23
19 23
20 32
11 14
9 33
6 36
12 21
15 36
2 12
23 37
3 17
31 32
11 39
28 30
1 30
32
6 14
18 30
24 32
8 15
20 31
2 9
4 16
11 15
1 32
18 24
6 18
11 23
6 7
13 32
3 11
2 12
3 16
3 28
16 21
5 16
16 24
9 31
3 22
4 19
2 7
21 26
17 30
17 29
2 27
1 10
25 29
11
1 2
6 9
3 6
3 7
7 11
2 8
5 11
1 11
5 10
4 11
47
29 43
15 20
17 35
11 18
20 27
16 23
22 31
11 43
1 11
14 38
26 30
6 15
7 17
13 38
16 31
4 45
10 29
18 45
32 34
6 25
11 20
23 24
4 17
26 45
36 41
8 37
7 22
3 13
9 29
11 28
32 37
12 28
25 33
14 23
10 21
5 29
5 19
29 46
36 37
2 16
22 42
37 38
19 40
18 39
31 47
40 44
46
19 21
18 41
19 27
2 3
11 39
21 30
2 31
10 15
10 26
29 42
29 40
32 45
11 26
16 36
2 6
12 34
32 37
16 35
2 41
6 32
10 36
30 39
4 31
19 41
17 35
1 39
10 43
21 23
13 31
13 33
40 45
14 32
2 12
3 22
8 28
24 35
2 28
7 46
9 27
25 37
5 42
10 44
20 37
7 24
14 38
31
22 25
22 30
8 20
7 15
7 10
20 26
17 27
4 18
18 21
16 26
23 29
6 26
8 12
20 30
7 19
19 24
2 21
1 8
8 9
15 16
17 25
4 29
9 21
14 19
3 16
9 13
2 5
11 27
5 31
15 28
34
5 12
6 30
10 28
19 22
18 31
4 19
27 32
3 16
11 28
3 26
17 29
20 30
7 32
10 26
3 7
4 6
7 33
4 24
2 5
27 34
15 21
6 14
10 21
6 8
6 28
20 25
1 33
1 18
1 23
9 20
4 29
12 21
13 20
46
10 24
16 20
9 11
26 45
14 33
14 27
20 40
22 23
18 34
26 27
22 29
22 40
12 32
38 43
2 23
41 46
4 21
17 36
18 29
17 25
21 23
5 23
12 46
25 31
25 28
14 36
1 29
15 44
15 32
20 32
34 45
8 12
6 24
16 37
6 22
29 38
11 19
11 13
25 39
30 35
30 38
9 45
7 26
3 20
30 42
36
14 19
10 35
18 23
15 36
19 32
22 34
9 15
10 13
25 27
1 13
12 19
7 22
20 29
1 28
5 21
5 23
30 32
19 28
12 26
2 17
9 35
6 19
21 22
29 33
7 29
11 32
4 22
15 24
20 25
3 20
29 35
16 28
2 26
18 31
8 33
